Liste des segments que renvoient les formes lorsqu'elles se dessinent


Oiseau 1
(118,13)-(123,20)
(123,20)-(128,13)

Oiseau 2
(133,30)-(136,32)
(136,32)-(138,30)

Oiseau 3
(142,14)-(144,17)
(144,17)-(146,14)

Tour
(9,100)-(20,100)
(20,100)-(20,198)
(20,198)-(9,198)
(9,198)-(9,100)

Corps maison
(80,140)-(180,140)
(180,140)-(180,198)
(180,198)-(80,198)
(80,198)-(80,140)

Toit maison
(80,140)-(130,100)
(130,100)-(180,140)

Porte maison
(120,170)-(140,170)
(140,170)-(140,198)
(140,198)-(120,198)
(120,198)-(120,170)

Etoile
branche 1
(170,52)-(173,45)
(173,45)-(177,52)

branche 2
(177,52)-(184,57)
(184,57)-(177,60)

branche 3
(177,60)-(174,66)
(174,66)-(170,60)

branche 4
(170,60)-(164,57)
(164,57)-(170,52)

Montagne 1
(3,14)-(43,3)
(43,3)-(112,14)
(112,14)-(3,14)

Montagne 2
(152,7)-(166,3)
(166,3)-(172,7)
(172,7)-(152,7)
